132440 157 378
132596 382 382
132596 447 447
132598 174 176
132599 1 379
132599 381 437
132601 1 207
132601 209 259
132601 261 1107
132602 1 70
132605 1 444
132605 446 522
132605 526 622
132605 624 814
132605 816 829
132605 831 867
132605 896 942
132606 1 16
132656 1 111
132658 1 51
132658 56 120
132658 127 148
132659 1 76
132661 1 116
132662 1 9
132662 25 74
132716 220 578
132959 326 334
132960 1 124
132961 1 230
132961 237 381
132965 1 68
132968 1 67
132968 75 169
133029 101 115
133029 129 332
133031 1 12
133034 132 287
133035 1 63
133035 67 302
133036 1 222
133046 1 43
133046 45 210
133046 213 227
133046 229 323
133158 65 786
133874 166 297
133874 299 721
133874 724 814
133874 817 864
133875 1 20
133875 22 37
133876 1 315
133877 1 77
133877 82 104
133877 113 231
133877 236 294
133877 297 437
133877 439 622
133877 624 853
133877 857 1472
133877 1474 1640
133877 1643 1931
133881 1 71
133881 74 223
133881 225 551
133885 1 132
133885 134 728
133927 1 44
133928 1 645
135059 59 67
135149 297 337
135149 339 754
135149 756 932
135149 934 937
135149 942 993
135149 995 1031
135149 1033 1098
135149 1102 1808
135149 1811 2269
135149 2274 2524
135149 2528 2713
135149 2715 3098
135149 3100 3102
135149 3105 3179
135149 3182 3303
135149 3305 3381
135175 55 545
135175 548 561
135175 563 790
135175 792 1042
