160431 19 218
160577 254 306
160578 274 400
160578 6 53
160871 68 208
160872 1 9
160872 25 35
160872 38 55
160873 1 147
160874 1 51
160874 97 113
160939 1 123
160940 1 79
160942 1 12
160943 1 54
160955 1 130
160955 133 138
160955 140 151
160955 153 154
160955 156 172
160955 175 201
160955 204 206
160956 2 65
160957 1 953
160998 2 252
161008 2 77
161016 2 300
161103 2 100
161106 2 26
161107 2 29
161113 2 24
161116 2 11
161117 2 24
161119 1 1
161119 115 141
161119 145 173
161119 179 210
161119 69 108
161119 7 58
161156 1 14
161176 1 31
161217 37 753
161222 1 97
161223 1 375
161233 33 33
161310 39 116
161311 1 554
161311 559 649
161312 1 826
161312 835 1027
162762 1 102
162765 1 40
162803 60 139
162808 1 51
162811 1 340
162822 73 307
162825 1 184
162826 1 24
162828 1 85
162909 54 290
163046 1 133
163046 135 238
163069 468 633
163069 73 452
163071 1 161
163078 1 23
163232 110 149
163233 1 283
163234 1 66
163235 1 461
163237 1 213
163238 9 15
163252 60 137
163255 1 359
163255 412 844
163255 846 846
163255 848 977
163261 1 3
163261 10 126
163270 1 76
163270 479 527
163270 529 685
163270 695 928
163270 79 96
163270 99 475
163286 112 401
163289 1 388
163296 232 585
163296 59 230
163297 1 219
163300 1 616
163301 1 192
163302 1 190
163332 224 264
163332 266 599
163332 43 118
163332 601 639
163332 641 801
163333 1 106
163334 1 35
163334 156 556
163334 37 37
163337 1 18
163337 203 426
163337 27 201
163337 434 461
163338 1 164
163339 1 172
163340 1 488
163358 39 63
163369 1 94
163370 1 147
163371 1 107
163371 148 356
163372 1 52
163374 1 599
163374 603 863
163375 1 10
163376 1 20
163376 22 246
163378 1 81
163378 181 272
163378 306 615
163378 89 179
163385 244 405
163385 52 240
163387 1 256
163402 271 560
163402 37 250
163402 581 582
163402 586 801
163475 30 295
163476 1 94
163476 98 212
163478 1 70
163479 1 175
163480 1 92
163480 190 191
163480 96 188
163481 1 72
163481 74 77
163481 79 79
163482 1 27
163482 48 48
163483 1 57
163582 1 22
163583 1 10
163583 12 63
163583 157 173
163583 175 205
163583 65 92
163583 96 155
163584 1 56
163585 1 32
163586 1 75
163587 1 52
163588 1 8
163588 10 446
163589 1 49
163589 51 160
163596 1 29
163630 176 185
163630 76 164
163655 15 23
163657 1 140
163658 1 3
163659 1 374
163659 376 650
163659 652 705
163660 1 74
163661 1 17
163662 1 154
163663 1 106
163663 109 246
163664 1 119
163664 121 178
163668 1 53
163668 140 213
163668 57 136
163738 34 311
163757 1 40
163758 1 17
163758 19 220
163758 222 224
163758 236 276
163758 283 374
163758 376 466
163758 468 591
163759 1 60
163759 458 461
163759 463 482
163759 504 510
163759 62 72
163759 74 456
163760 1 162
163760 165 340
163761 1 203
163763 1 79
163765 1 321
163795 10 34
163795 36 36
163795 38 43
163796 1 182
163817 154 205
163817 216 295
163817 305 346
163817 358 457
163817 50 140
163817 561 603
163817 618 966
163869 79 123
165088 107 266
165098 124 187
165098 190 193
165098 195 248
165098 250 254
165098 256 331
165098 333 367
165098 369 415
165099 1 105
165102 1 185
165103 1 440
165120 82 97
165121 1 466
165205 80 248
165208 1 101
165364 114 147
165364 1260 1301
165364 160 807
165364 45 111
165364 809 1220
165402 1 28
165415 1360 1383
165415 58 85
165415 643 707
165415 712 777
165415 780 1356
165415 88 640
165467 39 708
165472 1 184
165472 186 882
165486 37 102
165487 1 151
165506 54 170
165514 246 270
165514 283 560
165514 562 567
165514 72 244
165548 1 363
165548 365 381
165548 384 589
165558 1 62
165567 114 309
165567 315 631
165567 54 109
165570 1 2
165570 209 351
165570 355 942
165570 5 83
165570 88 207
165570 944 946
165617 145 288
165617 26 52
165617 54 143
165620 14 19
165633 133 317
165633 319 500
165633 56 62
165633 64 64
165633 66 129
165970 266 329
165970 331 335
165970 67 263
165993 1665 1697
165993 71 873
165993 879 1660
166011 1 81
166011 83 83
166033 336 355
166033 35 53
166033 360 444
166033 450 606
166033 59 330
166033 613 707
166033 713 1233
166034 1 109
166034 115 228
166034 234 307
166049 242 674
166049 53 86
166049 88 236
166149 1 2
166150 1 99
166150 101 116
166161 122 123
166161 126 126
166161 38 120
166163 1 12
166163 14 33
166164 1 32
166164 34 40
166346 212 215
166346 48 210
166374 46 64
166374 66 188
166380 1 367
166380 1406 1809
166380 373 711
166380 715 1400
166408 291 947
166408 67 283
166408 953 1236
166429 33 89
166438 32 85
166438 858 866
166438 87 856
166462 108 317
166462 323 526
166462 78 102
166486 54 75
166486 80 95
166486 97 174
166502 43 78
166502 83 109
166512 1281 1818
166512 1821 1862
166512 1868 1868
166512 1870 1871
166512 1873 1874
166512 42 430
166512 432 487
166512 491 605
166512 611 1279
166514 1 455
166514 460 464
166530 43 63
166554 224 287
166554 290 317
166554 320 595
166554 46 218
166554 597 730
166554 732 734
166554 736 736
166563 1 276
166563 492 748
166565 1 147
166565 153 312
166565 316 467
166565 469 898
166699 240 415
166699 421 477
166699 483 677
166699 55 234
166699 681 912
166701 1 13
166701 16 319
166701 324 506
166701 513 551
166701 557 672
166701 681 705
166701 712 724
166701 731 757
166701 764 777
166701 783 792
166763 174 650
166763 46 168
166781 115 115
166781 117 233
166781 236 253
166781 255 382
166781 41 111
166782 1 569
166784 1 114
166784 119 276
166784 281 365
166787 1 55
166787 132 364
166787 60 127
166839 178 297
166839 299 302
166839 43 173
166841 1 845
166841 851 876
166841 882 977
166841 984 984
166841 988 992
166841 998 1015
166842 1 170
166859 421 421
166859 423 423
166859 62 418
166860 1 21
166861 1 6
166861 8 13
166864 1 29
166864 102 119
166864 125 247
166864 249 307
166864 31 77
166864 311 365
166864 367 374
166864 378 454
166864 478 537
166864 79 99
166888 156 394
166888 398 470
166888 56 90
166888 93 154
166889 1 73
166889 79 228
166890 1 441
166894 1 190
166895 1 66
166895 599 603
166895 72 597
166911 58 76
166911 81 104
166922 1 39
166922 110 340
166922 345 418
166922 41 105
166922 423 747
166922 752 769
166922 773 773
166923 1 382
166923 389 470
166946 41 72
166946 75 201
166950 1 1
166950 1018 1321
166950 1327 1345
166950 1347 1438
166950 216 877
166950 36 210
166950 8 31
166950 883 950
166950 956 1012
166960 1 137
166960 143 166
166966 1 238
166967 1 220
167039 20 92
167039 98 228
167041 1 336
167041 339 391
167041 396 462
167041 467 663
167043 1 125
167043 130 235
167078 40 174
167098 167 406
167098 448 461
167098 62 90
167098 92 162
167102 1 42
167102 235 317
167102 323 430
167102 48 233
167103 1 94
167151 1 42
167281 146 315
167281 18 140
167281 317 593
167282 1 441
167284 1 315
167284 1160 1628
167284 1633 1644
167284 320 346
167284 356 395
167284 399 474
167284 476 1157
167551 196 471
167551 56 190
167673 210 236
167673 239 305
167673 309 418
167673 423 447
167674 1 345
167675 1 129
167675 133 299
167675 301 617
167675 690 707
167675 710 712
167675 715 716
167675 719 719
167675 721 725
167675 740 741
167675 748 758
167675 762 770
167675 774 787
167675 793 797
167675 811 1062
167676 1 278
167676 289 450
167740 132 168
167740 170 173
167740 79 126
167746 56 384
167754 62 103
167784 51 67
167786 1 1
167786 11 75
167786 81 176
167807 1444 1842
167807 178 204
167807 210 482
167807 484 558
167807 560 872
167807 60 159
167807 878 1441
167830 1 437
167830 442 587
167830 590 828
167830 834 1242
167898 1001 1010
167898 1013 1053
167898 1057 1295
167898 108 619
167898 1298 1762
167898 621 995
167913 1 126
167913 128 432
170722 110 287
170826 139 243
170826 248 308
170826 50 122
170842 1 27
170842 102 331
170842 32 96
170854 1 336
170854 341 414
170854 420 470
170854 475 578
170876 1 110
170876 115 295
170876 301 516
170876 518 518
170896 1 212
170899 1 84
170901 1 153
170901 159 200
171050 342 369
171050 371 379
171050 384 423
171050 427 467
171050 47 74
171050 471 648
171050 80 337
171091 1 135
171098 1 8
171102 1 19
171106 1 27
171106 32 288
171117 1 54
171117 56 78
171117 80 84
171156 111 686
171156 42 106
171156 688 692
171178 1 92
171178 210 551
171178 556 557
171178 563 787
171178 792 1043
171178 97 205
171219 153 162
171219 48 151
171274 140 143
171274 88 137
171282 1 12
171282 104 134
171282 14 99
171282 140 171
171315 53 225
171369 136 137
171369 144 161
171369 42 130
171446 58 144
171484 207 370
171484 377 432
171484 61 202
171578 156 174
171578 179 314
171578 320 347
171578 353 480
171578 47 150
171578 487 572
171578 578 816
171578 821 974
171812 301 438
171812 59 296
171876 1 362
171876 368 391
171876 397 533
171880 19 202
171895 34 34
171897 1 23
171897 205 437
171897 442 511
171897 517 542
171921 51 141
171926 1 49
171926 161 172
171926 177 264
171926 51 155
172014 1 64
172014 149 243
172014 66 143
172024 1 46
172033 1 65
172033 282 375
172033 380 473
172033 478 749
172033 71 277
172163 115 469
172163 36 109
172208 61 199
172252 32 54
172254 1 35
172255 1 40
172268 56 169
172286 184 216
172286 52 177
172389 150 428
172389 34 144
172389 434 460
172399 57 226
172400 1 495
172400 500 690
172400 696 704
172401 1 2
172401 5 148
172411 85 349
172478 1 110
172619 1 77
172620 1 495
172630 139 160
172630 36 64
172630 68 134
172635 1 18
172635 24 268
172778 48 97
172791 1300 1536
172791 1542 1645
172791 1649 1658
172791 418 569
172791 571 715
172791 65 413
172791 721 1295
172798 1 31
172799 1 367
172801 1 679
172801 681 750
172801 753 766
172801 768 815
172801 819 837
172801 839 861
172801 863 909
172801 911 1139
172802 1 629
172802 634 784
172819 57 87
172819 92 254
172822 1 75
172822 1102 1112
172822 1118 2121
172822 133 353
172822 2127 2333
172822 358 662
172822 667 832
172822 77 127
172822 837 1096
172824 1 54
172847 62 131
172865 157 382
172865 36 151
172868 1 29
172868 1835 1970
172868 34 708
172868 714 909
172868 912 1829
172949 133 159
172949 161 263
172949 269 274
172949 276 892
172949 55 127
172949 898 928
172949 933 1287
172951 1 52
172952 1 195
172952 1169 1562
172952 197 670
172952 675 797
172952 799 1164
172992 505 511
172992 516 713
172992 752 874
172992 880 946
172999 1 71
172999 77 294
173198 324 356
173198 362 485
173198 488 768
173198 49 322
173198 770 823
173236 128 231
173240 1 124
173241 1 85
173241 388 759
173241 92 381
173243 1 89
173380 209 209
173380 217 217
173380 75 204
173381 1 134
173381 139 221
173381 226 226
173381 231 294
173389 111 169
173389 174 224
173389 18 106
173389 230 262
173389 276 653
173406 37 286
173430 72 163
173438 32 56
173439 1 274
173439 280 313
173439 319 467
173439 472 756
173657 59 93
173658 1 110
173659 1 61
173659 66 317
173660 1 81
173660 169 357
173660 359 362
173660 86 164
173661 1 56
173661 62 63
173661 65 125
173663 1 71
173663 73 120
173664 5 16
173692 1129 1162
173692 1168 1321
173692 1326 1361
173692 1366 1383
173692 1389 1431
173692 1436 1818
173692 149 468
173692 1824 2361
173692 2366 2710
173692 2715 2754
173692 474 1123
173692 50 143
175860 1 82
175863 1 75
175865 1 58
175866 1 353
175866 356 511
175872 60 90
175873 1 32
175874 1 33
175874 36 108
175877 1 69
175881 1 160
175886 1 280
175887 1 18
175887 21 138
175888 1 424
175906 79 191
175910 1 12
175921 64 428
175973 126 183
175973 186 268
175974 1 124
175975 1 90
175975 104 390
175975 93 101
175976 1 33
175976 36 51
175976 54 102
175990 56 164
176023 44 129
176161 13 14
176161 16 23
176161 6 7
176163 1 4
176163 7 63
176165 1 29
176167 1 5
176169 1 140
176201 265 570
176201 52 52
176201 54 55
176201 573 656
176201 58 58
176201 61 63
176201 67 263
176202 1 179
176202 182 264
176206 1 101
176207 1 230
176286 226 247
176286 250 252
176286 254 486
176286 55 224
176289 1 43
176289 46 75
176304 135 422
176304 425 516
176304 69 69
176304 73 73
176304 77 77
176304 79 132
176308 1 45
176308 133 293
176308 48 130
176309 1 84
176309 1180 1641
176309 125 354
176309 356 467
176309 470 512
176309 514 627
176309 630 1177
176309 87 122
176467 1 85
176467 88 164
176468 1 124
176468 126 210
176469 1 5
176545 5 5
176547 1 151
176547 154 172
176547 175 184
176548 1 72
176548 390 487
176548 489 494
176548 496 575
176548 577 1024
176548 75 387
176697 50 66
176697 68 344
176701 1 145
176702 1 4
176702 105 284
176702 287 291
176702 294 351
176702 353 599
176702 45 103
176702 6 42
176702 622 684
176702 686 723
176702 726 794
176702 796 799
176702 801 839
176765 84 141
176771 57 60
176771 62 156
176795 38 105
176796 1 24
176796 31 100
176797 1 26
176797 136 196
176797 203 237
176797 244 252
176797 33 89
176797 95 131
176799 1 27
176799 30 35
176799 38 238
176801 1 92
176801 176 177
176801 179 249
176801 95 173
176805 1 97
176807 1 74
176807 257 461
176807 76 255
176841 105 157
176841 159 182
176841 184 235
176841 238 241
176844 1 110
176848 1 25
176850 1 29
176850 32 301
176860 1 78
176860 273 335
176860 338 450
176860 81 271
176868 1 495
176885 164 235
176885 67 152
176886 1 335
176886 337 416
176886 418 425
176886 427 429
176886 431 499
176886 502 503
176886 505 505
176886 507 507
176886 509 514
176886 516 678
176889 1 81
176889 83 102
176928 1 99
176928 102 121
176929 1 59
176929 201 218
176929 221 320
176929 62 198
176933 1 71
176933 361 415
176933 418 438
176933 73 358
176959 17 39
176982 1 10
177053 211 217
177053 219 258
177053 260 380
177053 385 427
177053 429 570
177053 54 72
177053 573 709
177053 712 740
177053 74 87
177053 90 208
177074 123 468
177074 470 554
177074 52 120
177074 556 735
177074 737 769
177088 57 83
177088 85 95
177095 113 204
177095 49 111
177096 1 14
177096 17 190
177131 49 139
177138 55 57
177138 59 114
177139 1 206
177139 208 249
177139 252 335
177139 337 375
177139 378 627
177140 1 106
177140 108 492
177140 495 557
177141 1 57
177141 157 288
177141 290 492
177141 494 628
177141 59 154
177183 202 219
177183 4 74
177183 76 199
177184 1 12
177184 15 41
177201 215 334
177201 337 516
177201 519 603
177201 60 65
177201 606 621
177201 623 799
177201 68 73
177201 75 212
177222 50 342
177317 1 60
177318 1 81
177319 1 54
177319 227 286
177319 289 351
177319 354 368
177319 56 224
177449 236 392
177449 394 434
177449 56 80
177449 83 234
177452 1 156
177452 158 169
