133446 105 266
133448 1 484
133450 1 329
133450 332 658
133474 1 95
133483 94 159
133483 161 591
133874 166 297
133874 299 721
133874 724 814
133874 817 864
133875 1 20
133875 22 37
133876 1 315
133877 1 77
133877 82 104
133877 113 231
133877 236 294
133877 297 437
133877 439 622
133877 624 853
133877 857 1472
133877 1474 1640
133877 1643 1931
133881 1 71
133881 74 223
133881 225 551
133885 1 132
133885 134 710
133927 1 44
133928 1 645
135059 59 67
135149 297 337
135149 339 754
135149 756 932
135149 934 937
135149 942 993
135149 995 1031
135149 1033 1098
135149 1102 1808
135149 1811 2269
135149 2274 2524
135149 2528 2713
135149 2715 3098
135149 3100 3102
135149 3105 3179
135149 3182 3303
135149 3305 3381
135175 55 545
135175 548 561
135175 563 790
135175 792 1046
135521 60 108
135521 110 359
135521 361 440
135521 442 488
135523 1 64
135523 66 109
135523 113 124
135523 126 211
135525 1 3
135525 6 143
135525 145 275
135525 293 381
135525 384 435
135525 437 452
135528 1 91
135528 94 95
135528 98 142
135528 145 147
135528 149 308
135528 310 454
135528 456 606
135528 608 609
135528 611 770
135528 773 776
135528 779 813
135528 816 912
135528 915 924
135528 926 1082
135528 1084 1213
135528 1215 1436
135535 75 167
135535 169 232
135573 102 110
135573 113 118
135573 120 155
135575 2 210
135575 213 241
135575 243 264
135575 266 381
135575 384 638
135575 645 1161
135575 1163 1253
135735 31 42
135735 44 149
135735 151 234
135735 236 320
136066 181 297
136066 299 319
136066 321 321
136066 323 336
136066 338 348
136066 350 366
136066 368 529
136066 532 544
136066 546 595
136066 597 719
136066 721 1004
136066 1006 1184
136080 249 250
136080 252 256
136082 1 173
136082 175 422
136082 477 504
136082 506 506
136087 250 265
136087 267 277
136087 279 310
136087 312 315
136088 1 3
136088 6 17
136088 19 39
136088 41 47
136088 50 50
136088 52 52
136088 54 63
136088 65 65
136088 67 89
136088 91 113
136088 115 131
136088 133 137
136088 139 184
136088 187 191
136088 193 194
136088 196 206
136088 208 208
136088 210 262
136097 1 1
136097 3 3
136097 5 5
136097 7 7
136097 9 9
136097 11 12
136097 14 79
136098 1 11
136100 1 94
136119 1 36
137027 98 146
137027 149 162
137027 165 187
137028 1 107
137028 111 157
137028 163 169
137028 171 180
137028 184 200
137028 203 209
137028 211 232
137028 234 274
137028 276 338
137028 341 475
137028 478 484
138564 1 4
138571 1 13
138572 1 213
138737 1 66
138738 1 10
138739 1 13
138742 1 20
138742 22 38
138744 1 24
138745 1 10
138746 1 129
138747 1 71
138747 73 131
138750 1 46
138750 49 208
138750 210 623
138750 626 709
138751 1 110
138751 112 147
138919 62 150
138920 1 55
138921 1 165
138921 168 181
138921 183 191
138923 1 2
138924 1 62
138937 1 26
138939 1 26
139020 227 316
139020 319 617
139096 193 210
139096 212 233
139096 235 236
139096 239 239
139096 242 267
139098 1 92
139098 94 121
139098 123 160
139098 162 179
139100 1 13
139100 15 15
139100 17 19
139100 21 102
139100 104 104
139100 106 205
139100 207 307
139102 1 12
139102 14 55
139103 7 154
139103 157 414
139103 416 416
139103 418 449
139195 9 14
139195 16 29
139195 31 81
139195 83 92
139239 164 214
139239 217 217
139239 219 222
139239 224 225
139239 227 270
139347 214 357
139347 359 516
139356 175 186
139356 188 192
139360 1 30
139364 1 48
139364 51 72
139365 1 9
139365 12 14
139365 16 82
139365 84 84
139365 86 112
139365 114 166
139365 168 179
139365 181 250
139368 1 34
139368 36 100
139368 102 150
139368 152 166
139370 1 175
139370 177 254
139370 257 445
139370 447 468
139370 472 504
139370 506 562
139370 564 581
139370 583 619
139370 622 645
139372 20 46
139372 48 173
139372 175 194
139375 1 47
139399 75 89
139399 94 107
139399 109 109
139399 111 125
139400 1 22
139407 1 976
139407 978 1074
139407 1076 1251
139411 4 67
139411 69 135
139457 1 73
139458 1 103
139458 107 326
139458 329 395
139459 1 2
139459 4 55
139779 4 52
139780 4 75
139781 4 200
139783 4 36
139784 4 71
139786 4 101
139788 4 35
139789 4 112
139790 4 21
139965 209 213
139966 1 51
139967 1 55
139968 1 5
139969 1 78
139971 1 304
139972 1 38
139973 1 118
139974 1 53
139975 1 15
139975 17 54
140058 111 224
140059 1 610
140059 613 1160
140070 1 11
140076 1 60
140119 1 14
140123 1 53
140123 58 62
140123 67 83
140123 85 86
140123 88 93
140123 95 102
140124 1 390
140124 392 938
140124 940 1733
140126 1 322
140133 1 65
140158 5 404
140159 1 379
140160 1 217
140180 1 55
140181 1 13
140331 222 544
140331 546 614
140331 626 626
140331 635 749
140359 1 35
140359 40 43
140361 1 151
140362 1 354
140379 123 244
140381 16 37
140382 1 128
140382 131 214
140383 1 276
140383 281 447
140383 453 487
140385 1 4
140385 26 30
140385 50 185
140386 1 23
140387 7 137
