142514 1 124
143187 1 329
143181 1 679
143181 681 1055
142513 1 101
142513 107 107
142191 1 204
142191 206 364
141961 41 117
136100 1 94
148864 1 31
148864 33 141
148864 224 236
148864 238 476
148864 478 680
139975 1 15
139975 17 54
139974 1 53
139780 4 75
139781 4 200
139971 1 304
140387 7 137
139973 1 118
139972 1 38
139788 4 35
139789 4 112
143959 1 102
143959 104 124
142663 1 167
139372 20 46
139372 48 173
139372 175 194
142661 1 17
139370 1 175
139370 177 254
139370 257 445
139370 447 468
139370 472 504
139370 506 562
139370 564 581
139370 583 619
139370 622 645
143956 1 41
143957 1 52
143957 54 147
139375 1 47
142664 1 80
141876 1 30
141876 34 93
141874 1 78
141874 82 102
147214 1 79
147217 1 193
147216 1 63
147219 1 293
147219 309 320
147218 1 45
141958 1 34
141959 6 86
142523 140 197
142524 4 306
142524 327 348
142525 1 181
142954 1 240
142528 1 976
147043 161 500
139399 75 89
139399 94 107
139399 109 109
139399 114 117
139399 125 125
141956 202 445
141956 447 548
141957 1 87
139790 4 21
140159 1 379
140158 5 404
142660 1 16
143008 113 155
140399 1 251
140399 257 283
140399 285 708
147927 1 152
147926 77 548
142657 1 2
140382 1 128
140382 131 214
139458 1 103
139458 107 326
139458 329 395
139098 1 92
139098 94 121
139098 123 160
139098 162 179
139783 4 36
139096 193 210
139096 212 233
139096 235 236
139096 239 239
139096 242 267
140059 1 610
140059 613 1160
141960 1 285
140381 16 37
143731 1 23
138744 1 24
143953 123 250
143953 271 621
139786 4 101
146430 1 12
146430 18 47
146430 50 62
146430 65 90
146431 1 23
146436 1 152
146436 255 532
142658 1 5
147222 1 444
143827 1 219
143827 221 672
144112 136 236
144112 238 381
144112 383 437
144112 439 1489
144112 1491 1711
144112 1713 1737
143327 1 228
142659 1 64
143321 1 46
143321 95 95
139784 4 71
143323 1 49
143323 81 607
143322 1 15
143322 30 42
143322 66 118
143322 130 131
143322 139 202
142537 1 114
142537 139 217
149058 1 65
142535 1 118
140385 1 4
140385 26 30
140385 50 185
143328 1 404
142530 1 82
149011 1 341
149011 343 706
139400 1 22
147757 1 363
138738 1 10
138739 1 13
139407 1 976
139407 978 1074
139407 1076 1251
138737 1 66
140388 1 114
143193 1 76
141881 1 572
141881 575 707
142128 226 239
142129 1 45
142040 1 341
140126 1 322
140124 1 390
140124 392 938
140124 940 1733
143191 1 109
143191 111 164
143191 166 172
140123 1 53
140123 58 62
140123 67 83
140123 85 86
140123 88 93
140123 95 102
146428 1 2
146428 11 52
146428 55 92
138742 1 20
138742 22 38
140401 1 266
144086 1 196
144086 198 242
144086 244 265
144086 267 298
149294 1 171
147390 1 478
147390 480 839
146511 1 63
146511 65 778
149291 79 79
149291 82 786
149291 788 788
149291 790 790
149291 794 794
142422 1 1299
143318 106 157
143319 8 34
143319 36 60
138937 1 26
143961 1 308
143960 1 107
148029 50 483
148029 485 569
148029 571 571
147453 1 146
147196 1 90
146944 177 669
138939 1 26
142933 1 92
142933 194 203
142933 228 1077
140331 222 544
140331 546 614
140331 626 626
140331 635 749
143833 1 900
142036 1 273
143727 1 135
143727 143 355
142035 305 738
142132 1 62
142132 64 85
142132 88 111
142132 113 236
142038 1 185
142038 187 830
142039 1 7
142137 1 477
142137 496 815
142136 1 224
140133 1 65
142970 124 266
143004 215 299
143005 1 239
143006 1 117
142303 138 229
136088 1 3
136088 6 17
136088 19 39
136088 41 47
136088 50 50
136088 52 52
136088 54 63
136088 65 65
136088 67 89
136088 91 113
136088 115 131
136088 133 137
136088 139 184
136088 187 191
136088 193 194
136088 196 206
136088 208 208
136088 210 262
142305 1 262
142313 1 149
142308 1 43
142309 1 108
142309 110 110
142309 116 116
147452 1 44
136087 250 265
136087 267 277
136087 279 310
136087 312 315
136080 249 250
136080 252 255
136082 1 173
136082 175 422
136082 477 504
136082 506 506
146437 1 817
142558 1 429
142413 133 222
142414 8 145
142417 1 8
142418 1 40
142419 1 243
142557 118 237
136066 181 297
136066 299 319
136066 321 321
136066 323 336
136066 338 348
136066 350 366
136066 368 529
136066 532 544
136066 546 595
136066 597 719
136066 721 1004
136066 1006 1184
138924 1 62
143326 1 264
138921 1 165
138921 168 181
138921 183 191
138920 1 55
138923 1 2
143955 1 68
143320 1 171
148002 92 203
142971 1 1701
142662 1 186
141880 1 200
144114 1 79
147929 1 266
147929 272 618
147929 620 643
138750 1 46
138750 49 208
138750 210 623
138750 626 709
138751 1 110
138751 112 147
140180 1 55
140181 1 13
136098 1 10
147451 1 116
147451 118 129
137027 98 146
137027 149 162
137027 165 187
139239 164 214
139239 217 217
139239 219 222
139239 224 225
139239 227 270
137028 1 107
137028 111 157
137028 163 169
137028 171 180
137028 184 200
137028 203 209
137028 211 232
137028 234 274
137028 276 338
137028 341 475
137028 478 484
143657 210 516
143657 518 2034
143954 1 187
136097 1 1
136097 3 3
136097 5 5
136097 7 7
136097 9 9
136097 11 12
136097 14 78
142312 1 185
142312 204 342
142311 1 638
139020 227 316
139020 319 617
146644 96 117
146644 119 565
146644 567 874
146644 876 1032
146644 1034 2179
146644 2377 2473
148953 1 100
147114 180 187
147114 227 240
147114 247 667
148952 70 257
146807 132 362
146807 365 420
146807 422 469
138919 62 150
146804 111 148
146804 150 520
146804 522 789
146804 791 822
146804 824 905
140119 1 14
143962 1 352
143962 354 359
139347 214 357
139347 359 516
140058 111 224
139459 1 2
139459 4 55
138745 1 10
139457 1 73
138747 1 71
138747 73 131
138746 1 129
139100 1 13
139100 15 15
139100 17 19
139100 21 102
139100 104 104
139100 106 205
139100 207 307
139102 1 12
139102 14 55
139103 7 154
139103 157 414
139103 416 416
139103 418 449
140070 1 11
140383 1 276
140383 281 447
140383 453 487
140359 1 35
140359 40 43
143665 1 306
148031 1 341
148031 472 757
148031 759 855
142130 1 787
142130 789 789
142130 791 816
148032 1 199
147450 80 166
147116 1 54
144010 1 8
144010 10 73
144010 77 77
144011 1 18
144011 22 399
140160 1 217
142135 1 128
142135 130 151
142928 383 578
142928 617 721
142928 724 1046
147284 32 306
147115 1 546
148058 1 97
143179 113 169
139356 175 186
139356 188 192
140361 1 151
140362 1 354
143007 1 863
138572 1 213
139195 9 14
139195 16 29
139195 31 81
139195 83 92
138571 1 13
142304 1 11
147048 94 484
147754 1 167
147754 170 377
147755 81 231
142189 1 252
143192 1 48
140379 123 244
136119 1 36
142187 207 302
140386 1 23
139966 1 51
139967 1 55
139965 209 213
142936 1 16
142935 1 47
148822 1 446
147454 1 97
144089 1 114
144089 117 161
144089 163 172
144089 174 1605
144089 1607 1693
146513 1 1
146513 3 15
139968 1 5
139969 1 78
149182 1 16
149182 18 62
149182 84 169
149182 171 444
149181 229 1840
149181 1844 1920
139368 1 34
139368 36 100
139368 102 150
139368 152 166
149003 84 238
139364 1 48
139364 51 72
139365 1 9
139365 12 14
139365 16 82
139365 84 84
139365 86 112
139365 114 166
139365 168 179
139365 181 250
149063 1 102
139360 1 30
142953 88 333
142953 342 342
140076 1 60
138564 1 4
139411 4 67
139411 69 135
148862 1 18
148862 20 108
148862 110 149
148862 151 165
148862 224 258
148862 262 297
148862 299 366
148862 368 504
148862 512 679
139779 4 52
148860 1 39
142076 381 398
142076 403 536
143835 1 284
142265 1 187
142264 7 62
146514 1 545
146514 548 885
