163796 1 182
163795 10 54
163659 1 718
163658 1 18
163657 1 153
163655 15 47
160406 1 124
160405 1 35
160404 15 24
163589 1 167
163252 60 157
161107 1 40
161106 1 40
160819 1 17
160819 19 118
161103 1 111
163371 1 375
163763 1 93
160815 1 95
163761 1 229
163760 1 363
163765 1 321
160894 1 220
160890 1 395
160955 1 228
160954 78 84
160957 1 953
160956 1 73
160898 25 53
163483 1 57
163480 1 199
163481 1 90
162828 1 85
162822 73 314
162827 1 144
162718 1 202
162825 1 202
162909 54 299
160579 1 181
160578 1 456
163385 52 436
163387 1 256
163387 278 287
160577 14 337
163757 1 47
160808 7 80
163308 1 27
163301 1 198
163300 1 623
160888 45 423
162917 122 134
163630 76 185
160463 1 46
160462 1 30
163334 1 563
163337 1 476
163332 43 812
163333 1 113
161217 1 788
161216 29 53
163338 1 171
163339 1 188
163235 1 474
163234 1 73
163237 1 220
163233 1 302
163232 110 174
160876 1 17
160877 1 12
160877 79 83
160874 1 132
160875 1 285
160872 1 77
160873 1 201
160871 68 236
160998 1 288
162739 1 35
162739 37 42
162733 1 47
160994 44 45
161020 1 22
160454 1 41
160455 1 33
160456 1 106
160450 1 47
163289 1 388
163302 1 253
160907 15 220
161222 1 136
161223 1 409
161156 1 90
163286 112 411
163738 34 311
163593 1 25
162742 1 85
162742 97 127
163297 1 227
163296 59 603
160449 1 44
161233 33 63
160443 1 21
160442 108 153
160447 1 65
160446 1 55
160445 1 37
160444 1 74
160911 1 301
160913 1 26
160915 1 382
160914 1 75
160916 1 90
163046 1 247
163046 311 313
160853 62 65
163358 39 63
163664 1 189
163665 1 176
163662 1 176
163663 1 251
163660 1 85
163661 1 27
163668 1 213
163668 255 308
161176 1 31
161008 1 285
163072 1 44
163753 1 137
163045 51 56
163071 1 194
163754 1 79
163482 1 58
163758 1 600
163759 1 526
160432 2 79
160433 1 21
160431 19 244
163269 59 222
163340 1 488
163340 554 563
163591 1 96
163592 1 116
163261 1 126
163596 1 29
162810 1 40
162811 1 347
161224 1 2
161165 1 100
163078 1 23
161016 1 327
163587 1 85
163586 1 103
160939 1 148
160938 1 130
163583 1 233
163582 1 66
163581 40 45
160835 1 85
160835 87 496
160835 569 584
161310 39 127
161311 1 704
161312 1 1027
160937 1 209
160936 1 60
160935 33 259
163588 1 455
163370 1 176
163069 73 648
163372 1 111
163374 1 873
163378 1 615
163270 1 928
162803 60 148
163402 37 801
163475 30 306
162808 1 63
163585 1 42
162826 1 43
163584 1 85
162929 1 299
162929 358 433
162926 1 714
162924 69 151
162925 1 319
161116 1 20
161117 1 43
161113 1 45
160827 1 55
160410 1 102
160413 1 788
163255 1 1067
161119 1 350
163476 1 235
163369 1 105
160497 38 148
160497 152 398
160498 1 70
160499 1 16
163479 1 187
163478 1 83
160942 1 26
160943 1 54
160940 1 90

