161223 1 409
161224 1 2
161107 1 40
161233 33 63
161165 1 100
161119 1 350
161016 1 327
160911 1 301
160913 1 26
160938 1 130
160915 1 382
160819 1 17
160819 19 118
161103 1 111
160835 1 85
160835 87 496
160835 569 584
161310 39 127
160815 1 95
161217 1 788
160937 1 209
160936 1 60
160935 33 259
160894 1 220
160890 1 395
160876 1 17
160877 1 12
160877 79 83
160874 1 132
160875 1 285
160898 25 53
160873 1 201
161312 1 1027
160871 68 236
160998 1 288
160939 1 148
160994 44 45
160955 1 228
161020 1 22
161106 1 40
161008 1 285
160954 78 84
160454 1 41
160455 1 33
160456 1 106
161113 1 45
160957 1 953
160914 1 75
161116 1 20
161117 1 43
160808 7 80
160907 15 220
160827 1 55
160872 1 77
161222 1 136
160916 1 90
160432 2 79
161176 1 31
160431 19 244
160853 62 65
160956 1 73
161311 1 704
160888 45 423
160942 1 26
160943 1 54
160940 1 90

