132440 157 378
132596 382 382
132596 447 447
132598 174 176
132599 1 379
132599 381 437
132601 1 207
132601 209 259
132601 261 1107
132602 1 70
132605 1 444
132605 446 522
132605 526 622
132605 624 814
132605 816 829
132605 831 867
132605 896 942
132606 1 26
132656 1 111
132658 127 148
132658 1 51
132658 56 120
132659 1 76
132661 1 116
132662 1 9
132662 25 74
132716 220 436
132716 440 487
132716 491 586
132959 326 334
132960 1 124
132961 1 222
132961 226 230
132961 237 381
132965 1 68
132968 1 67
132968 75 169
133029 101 115
133029 129 332
133031 1 18
133034 132 287
133035 1 63
133035 67 302
133036 1 222
133046 1 43
133046 213 227
133046 229 323
133046 45 210
133158 65 786
133321 1 383
133446 105 266
133448 1 484
133450 1 329
133450 332 658
133474 1 95
133483 161 591
133483 94 159
133874 166 297
133874 299 721
133874 724 814
133874 817 864
133875 1 20
133875 22 37
133876 1 315
133877 113 231
133877 1474 1640
133877 1643 1931
133877 1 77
133877 236 294
133877 297 437
133877 439 622
133877 624 853
133877 82 104
133877 857 1472
133881 1 71
133881 225 551
133881 74 223
133885 1 132
133885 134 728
133927 1 44
133928 1 645
135059 59 67
135149 1033 1098
135149 1102 1808
135149 1811 2269
135149 2274 2524
135149 2528 2713
135149 2715 3098
135149 297 337
135149 3100 3102
135149 3105 3179
135149 3182 3303
135149 3305 3381
135149 339 754
135149 756 932
135149 934 937
135149 942 993
135149 995 1031
135175 548 561
135175 55 545
135175 563 790
135175 792 1046
135445 1332 1827
135445 997 1329
135521 442 524
135521 60 440
135523 1 109
135523 113 124
135523 126 225
135525 1 3
135525 6 457
135534 83 90
135535 169 246
135535 75 167
135575 1163 1253
135575 213 381
135575 2 210
135575 384 638
135575 645 1161
135735 31 333
136066 181 297
136066 299 348
136066 350 529
136066 532 595
136066 597 1184
136100 1 1187
